function SetupSIUnits()
    global hBar c eV amu A ps ;
    
    hBar = 1.054571800e-34; % Js
    c = 299792458; % m/s
    eV = 1.6021766208e-19; % J
    amu =  1.660539040e-27; % kg
    A = 1e-10; % m
    ps = 1e-12; % s
    
end